chr,Start,End,Control_CN,Treat_CN
chr1,781854,898734,3,2
chr1,1989086,2018336,2,3
chr1,3042938,3060062,2,3
chr1,3734617,4059386,2,3
chr1,4070737,5988183,2,3
chr1,9588755,9715395,3,2
chr1,15988000,16013518,3,2
chr1,20427000,20494000,2,3
chr1,21814654,22165000,3,2
chr1,25263311,25338899,3,2
chr1,29280979,29327771,3,2
chr1,29784512,30014154,2,3
chr1,30036863,30184655,2,3
chr1,31576030,31611781,3,2
chr1,36135866,36400898,3,2
chr1,43422000,43455431,3,2
chr1,104843919,104857051,3,2
chr1,120213737,120278469,2,4
chr1,143404294,143521120,2,4
chr1,143568180,143769791,3,2
chr1,151719776,151840000,3,2
chr1,153636000,153677628,3,2
chr1,154358965,154973327,3,2
chr1,156239119,156433025,3,2
chr1,156716001,156753403,3,2
chr1,159199875,159240589,3,2
chr1,159854547,160185000,3,2
chr1,161203928,161440854,3,2
chr1,161524000,161565394,3,2
chr1,163760092,166253764,3,2
chr1,171685000,171696109,3,2
chr1,175112733,177642377,3,2
chr1,180239234,182963262,3,2
chr1,190726511,196142906,3,2
chr1,201263416,206151258,3,2
chr1,206412465,206728281,3,2
chr1,210685846,213976888,3,2
chr1,213992438,220161438,3,2
chr1,220177304,223391846,3,2
chr1,223405209,227492371,3,2
chr1,227511357,227729245,3,2
chr1,227799660,227882610,3,2
chr1,228221039,228269830,3,2
chr1,228319756,228330835,3,2
chr1,228762847,229673712,3,2
chr1,229688611,234158073,3,2
chr1,234218182,234782457,3,2
chr1,234823333,235352126,3,2
chr1,235577531,242979797,3,2
chr1,243904089,245297795,3,2
chr1,245736957,247225255,3,2
chr1,247453308,248161141,3,2
chr1,248176550,248343851,3,2
chr1,248699087,248930048,3,2
chr10,54690099,54706585,2,3
chr11,44499757,45203817,2,3
chr11,61788371,61924000,2,3
chr11,65426161,65441457,2,3
chr11,67576000,67650799,2,3
chr11,68953164,69636348,2,3
chr11,71156000,71599000,2,3
chr11,72760000,72814454,2,3
chr11,75235097,75247756,2,3
chr11,75259819,75355547,2,3
chr11,117445084,117934526,2,3
chr11,119334000,120148712,2,3
chr11,134415139,134765689,2,3
chr11,135036462,135070619,2,3
chr15,17011611,17047617,2,3
chr16,49833000,49853000,3,4
chr16,50544872,50557193,3,4
chr16,57563419,58002219,2,3
chr16,58018794,58104199,2,3
chr16,66600627,66611204,2,3
chr16,67391566,67548290,2,3
chr16,69978000,70000409,2,3
chr16,71402332,71446659,2,3
chr17,3774163,3803329,2,3
chr17,4834451,4860000,3,2
chr17,8000000,8023831,2,3
chr17,8038000,8053015,3,2
chr17,16753000,16819416,4,3
chr17,21679567,21705752,2,3
chr17,31468650,31593945,2,3
chr17,32990641,33026000,2,3
chr17,38850237,38925997,3,2
chr17,40307667,40567825,2,3
chr17,41504990,41611414,2,3
chr17,42131254,42194000,2,3
chr17,42684848,42757000,4,3
chr17,42803494,42985279,4,3
chr17,43779230,43874559,4,3
chr17,43961935,43975083,3,4
chr17,44646011,44777236,4,3
chr17,46913042,46987355,3,4
chr17,47016687,47092943,4,3
chr17,50184173,50212818,2,3
chr17,58323061,58334000,2,3
chr17,60008617,60019443,2,3
chr17,61418828,61465000,3,4
chr17,63475825,63687246,4,3
chr17,64921764,64939019,3,2
chr17,66920235,66933000,3,4
chr17,71346721,71358812,3,4
chr17,71641008,71727178,2,4
chr17,73015000,73194245,4,3
chr17,76289055,76312755,3,4
chr17,80320996,80441140,3,4
chr17,80739000,80754445,3,4
chr17,82048843,82060346,2,3
chr17,82158247,82210000,4,3
chr19,5159874,5430590,2,3
chr19,7653464,7668337,2,3
chr19,9782780,10219348,2,3
chr19,10838978,11366434,3,2
chr19,12981231,13779760,2,3
chr19,19066000,19280623,2,3
chr19,27333897,27634848,4,3
chr19,33390768,33484000,2,3
chr19,35157000,35358915,2,3
chr19,35381826,35567951,2,3
chr19,35878066,36041000,2,3
chr19,39004319,39211728,2,3
chr19,42007000,42136564,2,3
chr19,45707689,45720946,2,3
chr19,47220026,47368308,2,3
chr19,47397495,47682000,2,3
chr19,51119840,51148975,2,3
chr19,51412000,51427532,2,3
chr2,1547815,1660366,2,3
chr2,1702624,1722039,2,3
chr2,2635186,2853149,2,3
chr2,8549431,8622671,2,3
chr2,10138425,10435712,2,3
chr2,10902087,10989311,2,3
chr2,15983000,16097261,2,3
chr2,19349276,19362000,2,3
chr2,20164000,20198683,2,3
chr2,26591000,26841104,2,3
chr2,42008000,42046000,2,3
chr2,44928545,44997743,2,3
chr2,45014239,45066854,2,3
chr2,91448366,91470071,2,3
chr2,92672839,92688842,3,2
chr2,94572973,94606462,2,4
chr2,96064409,96159219,2,3
chr2,96857505,97017207,2,3
chr2,118863085,118891033,2,3
chr2,120617700,120732662,2,3
chr2,126656058,126838967,3,4
chr2,127048294,127108000,4,3
chr2,127559972,127595036,3,4
chr2,130674740,130872733,2,3
chr2,144511132,144524092,3,2
chr2,216641203,216696383,2,3
chr2,219032870,219051000,2,3
chr2,219578277,219616752,2,3
chr2,230878910,230924160,2,3
chr2,231521000,231716250,2,3
chr2,231820079,231848000,2,3
chr2,232400916,232433291,2,3
chr2,238975613,239314970,2,3
chr2,239463094,239656118,2,3
chr2,240170999,240243133,2,3
chr2,240287000,240425845,2,3
chr2,240498592,240579824,2,3
chr2,240798889,240810965,2,3
chr2,240822042,240858083,2,3
chr20,28899514,28948506,4,3
chr20,29522490,29588000,2,3
chr20,29740000,29766000,2,3
chr20,30722876,30751239,3,2
chr20,32448974,32575516,2,3
chr20,36306129,36442266,2,3
chr20,36540000,36551000,2,3
chr20,40682022,40695934,2,3
chr20,47824779,47886345,2,3
chr20,54810000,54822358,3,2
chr20,59379284,59833454,2,3
chr21,10036739,10060577,2,4
chr21,45250960,45374542,2,3
chr21,45581259,45641598,2,3
chr21,45885156,45949668,2,3
chr21,46033126,46100894,2,3
chr22,11291276,11331000,3,2
chr3,187046,199000,3,2
chr3,13284000,13715754,2,3
chr3,39099015,39155831,3,2
chr3,175313789,175330448,4,3
chr3,176821075,176833000,4,3
chr3,196188780,196221485,3,4
chr4,64814726,64873679,3,4
chr4,68409550,68423739,4,2
chr5,133791,156139,3,2
chr5,327000,371651,2,3
chr5,405445,445076,2,3
chr5,1528213,1670746,2,3
chr5,7191278,7204067,3,2
chr5,20750274,20861652,2,3
chr5,99437800,99540631,2,3
chr5,106895976,106907706,2,3
chr5,119679000,119692000,3,2
chr5,132760053,132779049,2,3
chr5,133793000,133806000,2,3
chr5,176121000,176137377,2,3
chr5,177598475,177612798,2,3
chr5,179004786,179227816,2,3
chr5,180141097,180218312,2,3
chr5,180290875,180396414,2,3
chr5,181088977,181280000,3,2
chr6,259873,329412,4,3
chr6,440000,452106,2,3
chr6,854676,867307,2,3
chr6,5993739,6009770,2,3
chr6,33697463,34161104,2,3
chr6,40356000,40589374,2,3
chr6,43066562,43081000,2,3
chr6,43759000,44008493,2,3
chr6,44039290,44215699,2,3
chr6,167206000,167339769,2,3
chr6,168137074,168788238,2,3
chr6,169919737,169943510,2,3
chr6,169957975,170049000,2,3
chr7,1681011,1805933,2,3
chr7,7056000,7074530,2,3
chr7,30967008,31048000,2,3
chr7,31085590,31110037,2,3
chr7,44224223,44290961,4,3
chr7,62336748,62356777,4,3
chr7,65233457,65269960,2,3
chr7,74985065,75071103,2,3
chr7,96989784,97026673,2,3
chr7,100321662,100349167,3,2
chr7,101422000,101564553,2,3
chr7,102323962,102335761,2,3
chr7,144638892,145067000,4,3
chr7,149835447,149884894,2,3
chr7,150342926,150414127,2,3
chr7,151151223,151207332,2,3
chr7,155498000,155608840,2,3
chr7,155901924,155951672,2,3
chr7,157564539,157684193,2,3
chr7,158124119,158261298,2,3
chr7,158486238,158558000,2,3
chr7,159084638,159173560,3,2
chr9,116940,197196,3,2
chr9,14323522,14354559,4,3
chr9,17285947,17296003,4,3
chr9,28105450,28309268,4,3
chr9,31138968,31166747,4,3
chr9,33576854,33606000,4,3
chr9,34526000,34571354,4,3
chr9,34581086,34825000,4,3
chr9,35065314,35105632,4,3
